0.202667
70.000000	0.202667	0.421333
68.000000	0.421333	0.640000
70.000000	0.640000	0.858667
65.000000	0.858667	0.992000
46.000000	0.992000	1.077333
61.000000	1.077333	1.184000
65.000000	1.184000	1.296000
49.000000	1.296000	1.402667
58.000000	1.402667	1.520000
46.000000	1.520000	1.621333
46.000000	1.621333	1.845333
46.000000	1.845333	1.946667
70.000000	1.946667	2.160000
68.000000	2.160000	2.378667
70.000000	2.378667	2.597333
65.000000	2.597333	2.816000
61.000000	2.816000	2.922667
65.000000	2.922667	3.040000
49.000000	3.040000	3.141333
58.000000	3.141333	3.258667
46.000000	3.258667	3.360000
46.000000	3.360000	3.477333
46.000000	3.477333	3.584000
46.000000	3.584000	3.685333
70.000000	3.685333	3.898667
72.000000	3.898667	4.117333
73.000000	4.117333	4.250667
73.000000	4.250667	4.336000
72.000000	4.336000	4.442667
73.000000	4.442667	4.554667
73.000000	4.554667	4.661334
73.000000	4.661334	4.778666
72.000000	4.778666	4.880000
70.000000	4.880000	4.986667
72.000000	4.986667	5.098667
72.000000	5.098667	5.205333
70.000000	5.205333	5.312000
72.000000	5.312000	5.424000
72.000000	5.424000	5.530667
72.000000	5.530667	5.648000
71.000000	5.648000	5.749333
68.000000	5.749333	5.856000
70.000000	5.856000	5.968000
71.000000	5.968000	6.074667
68.000000	6.074667	6.181334
70.000000	6.181334	6.293334
70.000000	6.293334	6.400000
70.000000	6.400000	6.517334
69.000000	6.517334	6.618667
66.000000	6.618667	6.725333
70.000000	6.725333	6.837333
70.000000	6.837333	6.944000
70.000000	6.944000	7.061333
51.000000	7.061333	7.157333
70.000000	7.157333	7.280000
70.000000	7.280000	7.376000
68.000000	7.376000	7.594666
70.000000	7.594666	7.813334
65.000000	7.813334	8.032000
61.000000	8.032000	8.138667
65.000000	8.138667	8.250667
49.000000	8.250667	8.357333
58.000000	8.357333	8.474667
54.000000	8.474667	8.576000
46.000000	8.576000	8.693334
53.000000	8.693334	8.800000
46.000000	8.800000	8.896000
70.000000	8.896000	9.114667
68.000000	9.114667	9.333333
70.000000	9.333333	9.552000
65.000000	9.552000	9.770667
61.000000	9.770667	9.877334
65.000000	9.877334	9.989333
53.000000	9.989333	10.096000
58.000000	10.096000	10.213333
49.000000	10.213333	10.314667
58.000000	10.314667	10.538667
58.000000	10.538667	10.634666
70.000000	10.634666	10.853333
72.000000	10.853333	11.072000
73.000000	11.072000	11.242666
73.000000	11.242666	11.290667
72.000000	11.290667	11.397333
73.000000	11.397333	11.509334
73.000000	11.509334	11.616000
73.000000	11.616000	11.733334
73.000000	11.733334	11.834666
70.000000	11.834666	11.941334
72.000000	11.941334	12.053333
72.000000	12.053333	12.160000
70.000000	12.160000	12.266666
72.000000	12.266666	12.378667
71.000000	12.378667	12.485333
72.000000	12.485333	12.602667
72.000000	12.602667	12.704000
68.000000	12.704000	12.810667
70.000000	12.810667	12.928000
71.000000	12.928000	13.029333
68.000000	13.029333	13.136000
70.000000	13.136000	13.248000
70.000000	13.248000	13.354667
70.000000	13.354667	13.472000
69.000000	13.472000	13.573334
72.000000	13.573334	13.680000
73.000000	13.680000	13.792000
71.000000	13.792000	13.898666
72.000000	13.898666	14.016000
72.000000	14.016000	14.117333
77.000000	14.117333	14.330667
75.000000	14.330667	14.549334
77.000000	14.549334	14.768000
73.000000	14.768000	14.901334
49.000000	14.901334	14.986667
68.000000	14.986667	15.093333
73.000000	15.093333	15.205334
61.000000	15.205334	15.312000
65.000000	15.312000	15.429334
67.000000	15.429334	15.530666
74.000000	15.530666	15.754666
65.000000	15.754666	15.856000
77.000000	15.856000	16.069334
75.000000	16.069334	16.288000
77.000000	16.288000	16.506666
73.000000	16.506666	16.639999
49.000000	16.639999	16.725334
68.000000	16.725334	16.832001
73.000000	16.832001	16.944000
49.000000	16.944000	17.050667
65.000000	17.050667	17.167999
66.000000	17.167999	17.269333
66.000000	17.269333	17.493334
65.000000	17.493334	17.594667
77.000000	17.594667	17.808001
79.000000	17.808001	18.026667
80.000000	18.026667	18.245333
79.000000	18.245333	18.351999
80.000000	18.351999	18.469334
80.000000	18.469334	18.570667
80.000000	18.570667	18.688000
79.000000	18.688000	18.789333
77.000000	18.789333	18.896000
79.000000	18.896000	19.007999
79.000000	19.007999	19.114666
77.000000	19.114666	19.221333
79.000000	19.221333	19.338667
79.000000	19.338667	19.440001
79.000000	19.440001	19.557333
78.000000	19.557333	19.658667
75.000000	19.658667	19.765333
77.000000	19.765333	19.877333
77.000000	19.877333	19.983999
75.000000	19.983999	20.090666
77.000000	20.090666	20.208000
77.000000	20.208000	20.309334
77.000000	20.309334	20.426666
76.000000	20.426666	20.528000
73.000000	20.528000	20.634666
77.000000	20.634666	20.752001
54.000000	20.752001	20.853333
77.000000	20.853333	20.970667
66.000000	20.970667	21.072001
77.000000	21.072001	21.290667
75.000000	21.290667	21.418667
76.000000	21.418667	21.504000
77.000000	21.504000	21.722666
73.000000	21.722666	21.941334
68.000000	21.941334	22.048000
73.000000	22.048000	22.165333
49.000000	22.165333	22.266666
65.000000	22.266666	22.389334
56.000000	22.389334	22.490667
73.000000	22.490667	22.709333
65.000000	22.709333	22.810667
77.000000	22.810667	23.029333
75.000000	23.029333	23.157333
76.000000	23.157333	23.242666
77.000000	23.242666	23.370667
77.000000	23.370667	23.461334
73.000000	23.461334	23.680000
68.000000	23.680000	23.786667
73.000000	23.786667	23.903999
49.000000	23.903999	24.005333
65.000000	24.005333	24.122667
66.000000	24.122667	24.229334
49.000000	24.229334	24.448000
65.000000	24.448000	24.549334
77.000000	24.549334	24.672001
77.000000	24.672001	24.768000
79.000000	24.768000	24.981333
80.000000	24.981333	25.200001
79.000000	25.200001	25.306667
80.000000	25.306667	25.418667
80.000000	25.418667	25.525333
80.000000	25.525333	25.642666
79.000000	25.642666	25.743999
77.000000	25.743999	25.850666
79.000000	25.850666	25.962667
79.000000	25.962667	26.069334
77.000000	26.069334	26.181334
79.000000	26.181334	26.288000
79.000000	26.288000	26.394667
79.000000	26.394667	26.511999
78.000000	26.511999	26.613333
75.000000	26.613333	26.725334
77.000000	26.725334	26.832001
77.000000	26.832001	26.944000
75.000000	26.944000	27.050667
77.000000	27.050667	27.269333
77.000000	27.269333	27.482666
79.000000	27.482666	27.594667
80.000000	27.594667	28.032000
70.000000	28.032000	28.245333
68.000000	28.245333	28.464001
58.000000	28.464001	28.682667
65.000000	28.682667	28.805334
54.000000	28.805334	28.896000
61.000000	28.896000	29.007999
65.000000	29.007999	29.120001
46.000000	29.120001	29.226667
58.000000	29.226667	29.344000
61.000000	29.344000	29.445333
58.000000	29.445333	29.669333
58.000000	29.669333	29.765333
70.000000	29.765333	29.888000
58.000000	29.888000	29.983999
68.000000	29.983999	30.106667
46.000000	30.106667	30.202667
70.000000	30.202667	30.421333
65.000000	30.421333	30.634666
61.000000	30.634666	30.746666
65.000000	30.746666	30.858667
58.000000	30.858667	30.965334
58.000000	30.965334	31.077333
61.000000	31.077333	31.184000
46.000000	31.184000	31.408001
46.000000	31.408001	31.504000
70.000000	31.504000	31.626667
73.000000	31.626667	31.722666
72.000000	31.722666	31.850666
58.000000	31.850666	31.941334
73.000000	31.941334	32.154667
72.000000	32.154667	32.266666
73.000000	32.266666	32.378666
61.000000	32.378666	32.480000
73.000000	32.480000	32.602665
46.000000	32.602665	32.703999
70.000000	32.703999	32.810665
72.000000	32.810665	32.922668
72.000000	32.922668	33.029335
70.000000	33.029335	33.136002
72.000000	33.136002	33.248001
71.000000	33.248001	33.354668
72.000000	33.354668	33.472000
71.000000	33.472000	33.573334
68.000000	33.573334	33.680000
70.000000	33.680000	33.792000
72.000000	33.792000	33.898666
68.000000	33.898666	34.005333
70.000000	34.005333	34.117332
71.000000	34.117332	34.223999
70.000000	34.223999	34.341331
69.000000	34.341331	34.442665
66.000000	34.442665	34.549332
70.000000	34.549332	34.661335
69.000000	34.661335	34.768002
34.885334
54.000000	34.885334	34.981335
70.000000	34.981335	35.200001
68.000000	35.200001	35.322666
58.000000	35.322666	35.418667
70.000000	35.418667	35.637333
65.000000	35.637333	35.765335
35.855999
61.000000	35.855999	35.962666
65.000000	35.962666	36.074665
46.000000	36.074665	36.186668
58.000000	36.186668	36.298668
61.000000	36.298668	36.405334
46.000000	36.405334	36.624001
58.000000	36.624001	36.720001
70.000000	36.720001	36.938667
68.000000	36.938667	37.066666
58.000000	37.066666	37.157333
70.000000	37.157333	37.375999
65.000000	37.375999	37.599998
61.000000	37.599998	37.701332
65.000000	37.701332	37.813332
46.000000	37.813332	37.925335
58.000000	37.925335	38.042667
58.000000	38.042667	38.144001
46.000000	38.144001	38.362667
58.000000	38.362667	38.464001
70.000000	38.464001	38.586666
73.000000	38.586666	38.677334
72.000000	38.677334	38.896000
73.000000	38.896000	39.023998
58.000000	39.023998	39.114666
72.000000	39.114666	39.221333
73.000000	39.221333	39.338665
58.000000	39.338665	39.439999
73.000000	39.439999	39.557335
58.000000	39.557335	39.658669
58.000000	39.658669	39.765335
72.000000	39.765335	39.877335
70.000000	39.877335	39.984001
70.000000	39.984001	40.090668
72.000000	40.090668	40.202667
72.000000	40.202667	40.309334
72.000000	40.309334	40.431999
70.000000	40.431999	40.528000
68.000000	40.528000	40.634666
70.000000	40.634666	40.751999
73.000000	40.751999	40.853333
68.000000	40.853333	40.965332
70.000000	40.965332	41.077332
54.000000	41.077332	41.178665
70.000000	41.178665	41.296001
54.000000	41.296001	41.397335
72.000000	41.397335	41.504002
73.000000	41.504002	41.616001
54.000000	41.616001	41.722668
54.000000	41.722668	41.840000
54.000000	41.840000	41.941334
77.000000	41.941334	42.154667
75.000000	42.154667	42.373333
77.000000	42.373333	42.591999
73.000000	42.591999	42.810665
68.000000	42.810665	42.917332
73.000000	42.917332	43.029335
49.000000	43.029335	43.141335
65.000000	43.141335	43.253334
49.000000	43.253334	43.360001
54.000000	43.360001	43.578667
49.000000	43.578667	43.680000
77.000000	43.680000	43.898666
75.000000	43.898666	44.112000
77.000000	44.112000	44.330666
73.000000	44.330666	44.549332
68.000000	44.549332	44.655998
73.000000	44.655998	44.768002
49.000000	44.768002	44.880001
65.000000	44.880001	44.992001
54.000000	44.992001	45.098667
49.000000	45.098667	45.317333
73.000000	45.317333	45.418667
77.000000	45.418667	45.637333
79.000000	45.637333	45.855999
80.000000	45.855999	46.069332
79.000000	46.069332	46.181332
80.000000	46.181332	46.287998
49.000000	46.287998	46.394665
80.000000	46.394665	46.613335
77.000000	46.613335	46.720001
79.000000	46.720001	46.832001
79.000000	46.832001	46.938667
77.000000	46.938667	47.050667
79.000000	47.050667	47.162666
79.000000	47.162666	47.269333
79.000000	47.269333	47.482666
75.000000	47.482666	47.594666
77.000000	47.594666	47.701332
53.000000	47.701332	47.807999
75.000000	47.807999	47.919998
77.000000	47.919998	48.026669
49.000000	48.026669	48.133335
77.000000	48.133335	48.250668
77.000000	48.250668	48.352001
73.000000	48.352001	48.464001
77.000000	48.464001	48.682667
61.000000	48.682667	48.799999
49.000000	48.799999	48.896000
77.000000	48.896000	49.114666
75.000000	49.114666	49.333332
77.000000	49.333332	49.546665
73.000000	49.546665	49.770668
68.000000	49.770668	49.877335
73.000000	49.877335	50.096001
65.000000	50.096001	50.314667
49.000000	50.314667	50.634666
77.000000	50.634666	50.853333
75.000000	50.853333	51.071999
77.000000	51.071999	51.290668
73.000000	51.290668	51.509335
49.000000	51.509335	51.616001
73.000000	51.616001	51.834667
65.000000	51.834667	52.378666
77.000000	52.378666	52.591999
79.000000	52.591999	52.810665
80.000000	52.810665	53.029335
79.000000	53.029335	53.136002
80.000000	53.136002	53.354668
80.000000	53.354668	53.573334
77.000000	53.573334	53.680000
79.000000	53.680000	53.898666
77.000000	53.898666	54.005333
79.000000	54.005333	54.223999
79.000000	54.223999	54.442665
75.000000	54.442665	54.549332
77.000000	54.549332	54.768002
75.000000	54.768002	54.874668
77.000000	54.874668	55.093334
77.000000	55.093334	55.312000
79.000000	55.312000	55.418667
80.000000	55.418667	55.855999
70.000000	55.855999	56.074665
68.000000	56.074665	56.287998
58.000000	56.287998	56.506668
65.000000	56.506668	56.725334
61.000000	56.725334	56.837334
65.000000	56.837334	57.050667
58.000000	57.050667	57.594666
70.000000	57.594666	57.813332
68.000000	57.813332	58.026669
70.000000	58.026669	58.250668
65.000000	58.250668	58.464001
61.000000	58.464001	58.576000
65.000000	58.576000	58.794666
58.000000	58.794666	59.333332
70.000000	59.333332	59.551998
72.000000	59.551998	59.770668
73.000000	59.770668	59.984001
72.000000	59.984001	60.096001
73.000000	60.096001	60.309334
61.000000	60.309334	60.528000
70.000000	60.528000	60.634666
72.000000	60.634666	60.853333
70.000000	60.853333	60.965332
72.000000	60.965332	61.183998
72.000000	61.183998	61.397335
68.000000	61.397335	61.509335
70.000000	61.509335	61.728001
68.000000	61.728001	61.834667
70.000000	61.834667	62.048000
70.000000	62.048000	62.271999
66.000000	62.271999	62.378666
70.000000	62.378666	62.810665
70.000000	62.810665	63.029335
68.000000	63.029335	63.248001
70.000000	63.248001	63.466667
65.000000	63.466667	63.685333
61.000000	63.685333	63.792000
65.000000	63.792000	64.010666
58.000000	64.010666	64.549332
70.000000	64.549332	64.767998
68.000000	64.767998	64.986664
70.000000	64.986664	65.205330
65.000000	65.205330	65.424004
61.000000	65.424004	65.530670
65.000000	65.530670	65.749336
58.000000	65.749336	66.293335
70.000000	66.293335	66.506668
72.000000	66.506668	66.725334
73.000000	66.725334	66.944000
72.000000	66.944000	67.050667
73.000000	67.050667	67.269333
61.000000	67.269333	67.482666
58.000000	67.482666	67.594666
72.000000	67.594666	67.813332
70.000000	67.813332	67.919998
72.000000	67.919998	68.138664
72.000000	68.138664	68.357330
68.000000	68.357330	68.463997
70.000000	68.463997	68.682663
68.000000	68.682663	68.789330
70.000000	68.789330	69.008003
70.000000	69.008003	69.226669
72.000000	69.226669	69.333336
73.000000	69.333336	69.765335
77.000000	69.765335	69.984001
75.000000	69.984001	70.202667
77.000000	70.202667	70.421333
73.000000	70.421333	70.639999
68.000000	70.639999	70.746666
73.000000	70.746666	70.965332
65.000000	70.965332	71.503998
77.000000	71.503998	71.722664
75.000000	71.722664	71.941330
77.000000	71.941330	72.160004
73.000000	72.160004	72.378670
68.000000	72.378670	72.485336
73.000000	72.485336	72.704002
65.000000	72.704002	73.242668
77.000000	73.242668	73.461334
79.000000	73.461334	73.680000
80.000000	73.680000	73.898666
79.000000	73.898666	74.005333
80.000000	74.005333	74.223999
80.000000	74.223999	74.442665
77.000000	74.442665	74.549332
79.000000	74.549332	74.767998
77.000000	74.767998	74.874664
79.000000	74.874664	75.093330
79.000000	75.093330	75.311996
75.000000	75.311996	75.418663
77.000000	75.418663	75.637337
75.000000	75.637337	75.744003
77.000000	75.744003	75.962669
77.000000	75.962669	76.181335
73.000000	76.181335	76.288002
77.000000	76.288002	76.725334
77.000000	76.725334	76.938667
75.000000	76.938667	77.157333
77.000000	77.157333	77.375999
73.000000	77.375999	77.594666
68.000000	77.594666	77.701332
73.000000	77.701332	77.919998
65.000000	77.919998	78.463997
77.000000	78.463997	78.682663
75.000000	78.682663	78.896004
77.000000	78.896004	79.114670
73.000000	79.114670	79.333336
68.000000	79.333336	79.440002
73.000000	79.440002	79.658669
65.000000	79.658669	80.202667
77.000000	80.202667	80.421333
79.000000	80.421333	80.634666
80.000000	80.634666	80.853333
79.000000	80.853333	80.959999
80.000000	80.959999	81.178665
80.000000	81.178665	81.397331
77.000000	81.397331	81.503998
79.000000	81.503998	81.722664
77.000000	81.722664	81.834663
79.000000	81.834663	82.047997
79.000000	82.047997	82.266670
75.000000	82.266670	82.378670
77.000000	82.378670	82.592003
75.000000	82.592003	82.704002
77.000000	82.704002	82.917336
77.000000	82.917336	83.136002
79.000000	83.136002	83.248001
80.000000	83.248001	83.898666
68.000000	83.898666	84.117332
58.000000	84.117332	84.335999
65.000000	84.335999	84.554665
61.000000	84.554665	84.661331
65.000000	84.661331	84.767998
49.000000	84.767998	84.879997
58.000000	84.879997	84.986664
54.000000	84.986664	85.093330
46.000000	85.093330	85.205330
56.000000	85.205330	85.311996
85.424004
70.000000	85.424004	85.637337
68.000000	85.637337	85.749336
58.000000	85.749336	85.856003
58.000000	85.856003	85.962669
86.074669
65.000000	86.074669	86.181335
46.000000	86.181335	86.293335
61.000000	86.293335	86.400002
65.000000	86.400002	86.512001
58.000000	86.512001	86.618668
58.000000	86.618668	86.725334
73.000000	86.725334	86.832001
61.000000	86.832001	86.944000
58.000000	86.944000	87.050667
87.162666
70.000000	87.162666	87.269333
71.000000	87.269333	87.381332
72.000000	87.381332	87.487999
72.000000	87.487999	87.594666
61.000000	87.594666	87.706665
87.813332
72.000000	87.813332	87.919998
73.000000	87.919998	88.031998
61.000000	88.133331	88.250664
49.000000	88.250664	88.357330
70.000000	88.357330	88.463997
72.000000	88.463997	88.570663
72.000000	88.570663	88.682663
58.000000	88.682663	88.789330
72.000000	88.789330	88.901337
72.000000	89.008003	89.120003
72.000000	89.120003	89.226669
68.000000	89.226669	89.333336
58.000000	89.333336	89.445335
89.552002
68.000000	89.552002	89.658669
70.000000	89.658669	89.770668
70.000000	89.877335	89.989334
68.000000	89.989334	90.096001
66.000000	90.096001	90.202667
70.000000	90.202667	90.314667
54.000000	90.314667	90.421333
57.000000	90.421333	90.528000
90.639999
70.000000	90.639999	90.746666
58.000000	90.746666	90.858665
68.000000	90.858665	90.965332
58.000000	90.965332	91.071999
58.000000	91.071999	91.183998
91.290665
65.000000	91.290665	91.397331
46.000000	91.397331	91.509331
61.000000	91.509331	91.615997
65.000000	91.615997	91.727997
54.000000	91.727997	91.834663
58.000000	91.834663	91.941330
60.000000	91.941330	92.053337
46.000000	92.053337	92.160004
59.000000	92.160004	92.272003
92.384003
70.000000	92.384003	92.597336
68.000000	92.597336	92.704002
58.000000	92.704002	92.810669
58.000000	92.810669	92.922668
93.029335
65.000000	93.029335	93.136002
46.000000	93.136002	93.248001
61.000000	93.248001	93.466667
58.000000	93.466667	93.573334
58.000000	93.573334	93.685333
72.000000	93.685333	93.792000
61.000000	93.792000	93.898666
58.000000	93.898666	94.010666
94.117332
58.000000	94.117332	94.335999
72.000000	94.335999	94.442665
70.000000	94.442665	94.549332
61.000000	94.549332	94.661331
94.773331
72.000000	94.773331	94.874664
73.000000	94.874664	94.991997
61.000000	95.093330	95.205330
72.000000	95.205330	95.311996
58.000000	95.311996	95.418663
72.000000	95.418663	95.530670
72.000000	95.530670	95.642670
58.000000	95.642670	95.749336
72.000000	95.749336	95.861336
72.000000	95.962669	96.074669
72.000000	96.074669	96.181335
68.000000	96.181335	96.288002
58.000000	96.288002	96.400002
96.506668
68.000000	96.506668	96.618668
70.000000	96.618668	96.730667
70.000000	96.832001	96.944000
56.000000	96.944000	97.050667
72.000000	97.050667	97.162666
61.000000	97.162666	97.269333
97.381332
56.000000	97.381332	97.487999
97.599998
77.000000	97.599998	97.701332
56.000000	97.701332	97.813332
75.000000	97.813332	98.026665
77.000000	98.026665	98.138664
77.000000	98.138664	98.250664
61.000000	98.250664	98.357330
49.000000	98.357330	98.469330
68.000000	98.469330	98.570663
73.000000	98.570663	98.682663
49.000000	98.682663	98.789330
65.000000	98.789330	98.901337
53.000000	98.901337	99.008003
49.000000	99.008003	99.120003
57.000000	99.120003	99.226669
99.338669
65.000000	99.338669	99.552002
75.000000	99.552002	99.658669
75.000000	99.658669	99.770668
58.000000	99.770668	99.877335
77.000000	99.877335	99.989334
73.000000	99.989334	100.096001
49.000000	100.096001	100.208000
68.000000	100.208000	100.309334
73.000000	100.309334	100.421333
61.000000	100.421333	100.533333
65.000000	100.533333	100.639999
49.000000	100.639999	100.746666
49.000000	100.746666	100.858665
55.000000	100.858665	100.965332
101.077332
77.000000	101.077332	101.290665
79.000000	101.290665	101.397331
60.000000	101.397331	101.509331
61.000000	101.509331	101.615997
101.727997
79.000000	101.727997	101.829330
80.000000	101.829330	101.946663
61.000000	102.160004	102.266670
77.000000	102.266670	102.378670
79.000000	102.378670	102.485336
80.000000	102.485336	102.597336
58.000000	102.597336	102.704002
79.000000	102.704002	102.816002
48.000000	102.816002	102.917336
79.000000	102.917336	103.029335
67.000000	103.029335	103.136002
75.000000	103.136002	103.248001
58.000000	103.248001	103.354668
103.466667
75.000000	103.466667	103.573334
77.000000	103.573334	103.685333
67.000000	103.685333	103.786667
77.000000	103.786667	103.898666
76.000000	103.898666	104.005333
73.000000	104.005333	104.117332
77.000000	104.117332	104.223999
61.000000	104.223999	104.335999
57.000000	104.335999	104.442665
104.554665
77.000000	104.554665	104.661331
58.000000	104.661331	104.767998
75.000000	104.767998	104.986664
58.000000	104.986664	105.093330
105.205330
73.000000	105.205330	105.311996
49.000000	105.311996	105.424004
68.000000	105.424004	105.530670
73.000000	105.530670	105.637337
49.000000	105.637337	105.749336
65.000000	105.749336	105.856003
49.000000	105.856003	105.962669
49.000000	105.962669	106.074669
57.000000	106.074669	106.181335
106.293335
77.000000	106.293335	106.512001
75.000000	106.512001	106.618668
65.000000	106.618668	106.725334
77.000000	106.725334	106.832001
65.000000	106.832001	106.944000
61.000000	106.944000	107.050667
54.000000	107.050667	107.162666
68.000000	107.162666	107.264000
73.000000	107.264000	107.381332
49.000000	107.381332	107.487999
65.000000	107.487999	107.594666
54.000000	107.594666	107.706665
61.000000	107.706665	107.813332
62.000000	107.813332	107.919998
108.031998
77.000000	108.031998	108.250664
67.000000	108.250664	108.357330
49.000000	108.357330	108.463997
61.000000	108.463997	108.575996
108.682663
79.000000	108.682663	108.789330
61.000000	108.789330	108.901337
60.000000	108.901337	109.008003
61.000000	109.008003	109.120003
49.000000	109.120003	109.226669
65.000000	109.226669	109.333336
60.000000	109.333336	109.445335
61.000000	109.445335	109.552002
58.000000	109.552002	109.658669
60.000000	109.658669	109.770668
60.000000	109.877335	109.989334
58.000000	109.989334	110.096001
63.000000	110.096001	110.202667
77.000000	110.202667	110.528000
65.000000	110.528000	110.746666
65.000000	110.746666	110.906670
65.000000	110.906670	110.965332
60.000000	110.965332	111.018669
60.000000	111.018669	111.071999
61.000000	111.071999	111.178665
60.000000	111.178665	111.237335
61.000000	111.237335	111.285332
63.000000	111.285332	111.344002
62.000000	111.344002	111.941330
58.000000	111.941330	112.378670
61.000000	112.378670	112.485336
65.000000	112.485336	112.704002
58.000000	112.704002	112.810669
58.000000	112.810669	113.248001
58.000000	113.248001	113.466667
68.000000	113.466667	113.680000
58.000000	113.680000	113.898666
58.000000	113.898666	114.117332
61.000000	114.117332	114.223999
65.000000	114.223999	114.447998
58.000000	114.447998	114.549332
58.000000	114.986664	115.205330
72.000000	115.205330	115.418663
61.000000	115.418663	115.637337
72.000000	115.637337	115.744003
73.000000	115.744003	115.856003
58.000000	115.856003	115.962669
73.000000	115.962669	116.181335
70.000000	116.181335	116.288002
60.000000	116.288002	116.506668
70.000000	116.506668	116.618668
72.000000	116.618668	116.725334
60.000000	116.725334	116.832001
72.000000	116.832001	117.050667
68.000000	117.050667	117.157333
58.000000	117.157333	117.375999
68.000000	117.375999	117.487999
70.000000	117.487999	117.594666
58.000000	117.594666	117.701332
70.000000	117.701332	117.919998
66.000000	117.919998	118.031998
58.000000	118.031998	118.463997
58.000000	118.463997	118.682663
56.000000	118.682663	118.901337
58.000000	118.901337	119.333336
61.000000	119.333336	119.445335
65.000000	119.445335	119.664001
58.000000	119.664001	119.765335
58.000000	119.765335	120.202667
58.000000	120.202667	120.421333
68.000000	120.421333	120.634666
58.000000	120.634666	120.858665
58.000000	120.858665	121.071999
61.000000	121.071999	121.183998
65.000000	121.183998	121.402664
58.000000	121.402664	121.503998
58.000000	121.503998	121.941330
58.000000	121.941330	122.160004
72.000000	122.160004	122.378670
61.000000	122.378670	122.592003
72.000000	122.592003	122.704002
73.000000	122.704002	122.810669
58.000000	122.810669	122.917336
73.000000	122.917336	123.136002
58.000000	123.136002	123.248001
60.000000	123.248001	123.461334
70.000000	123.461334	123.573334
72.000000	123.573334	123.680000
59.000000	123.680000	123.792000
72.000000	123.792000	124.010666
68.000000	124.010666	124.117332
58.000000	124.117332	124.335999
68.000000	124.335999	124.442665
70.000000	124.442665	124.549332
58.000000	124.549332	124.661331
70.000000	124.661331	124.874664
72.000000	124.874664	124.986664
61.000000	124.986664	125.418663
58.000000	125.418663	125.637337
63.000000	125.637337	125.856003
58.000000	125.856003	126.293335
56.000000	126.293335	126.394669
73.000000	126.394669	126.618668
53.000000	126.618668	126.725334
46.000000	126.725334	127.162666
58.000000	127.162666	127.375999
75.000000	127.375999	127.594666
58.000000	127.594666	127.807999
73.000000	127.807999	128.031998
56.000000	128.031998	128.138672
73.000000	128.138672	128.357330
53.000000	128.357330	128.464005
58.000000	128.901337	129.114670
79.000000	129.114670	129.333328
61.000000	129.333328	129.546661
79.000000	129.546661	129.658661
80.000000	129.658661	129.770660
61.000000	129.770660	129.877335
80.000000	129.877335	130.090668
77.000000	130.090668	130.202667
79.000000	130.202667	130.421341
77.000000	130.421341	130.528000
79.000000	130.528000	130.639999
55.000000	130.639999	130.746674
79.000000	130.746674	130.960007
75.000000	130.960007	131.072006
77.000000	131.072006	131.290665
75.000000	131.290665	131.397339
77.000000	131.397339	131.509338
56.000000	131.509338	131.615997
77.000000	131.615997	131.834671
73.000000	131.834671	131.941330
77.000000	131.941330	132.378662
58.000000	132.378662	132.591995
75.000000	132.591995	132.810669
58.000000	132.810669	133.029327
73.000000	133.029327	133.248001
56.000000	133.248001	133.354660
73.000000	133.354660	133.573334
53.000000	133.573334	133.679993
57.000000	133.679993	134.117340
58.000000	134.117340	134.330673
75.000000	134.330673	134.549332
77.000000	134.549332	134.768005
73.000000	134.768005	134.986664
56.000000	134.986664	135.093338
73.000000	135.093338	135.311996
65.000000	135.311996	135.418671
58.000000	135.418671	135.856003
58.000000	135.856003	136.069336
79.000000	136.069336	136.287994
61.000000	136.287994	136.506668
79.000000	136.506668	136.613327
80.000000	136.613327	136.725327
61.000000	136.725327	136.832001
80.000000	136.832001	137.050659
77.000000	137.050659	137.157333
67.000000	137.157333	137.376007
77.000000	137.376007	137.482666
79.000000	137.482666	137.594666
59.000000	137.594666	137.701340
79.000000	137.701340	137.919998
75.000000	137.919998	138.026672
77.000000	138.026672	138.245331
75.000000	138.245331	138.357330
77.000000	138.357330	138.442673
49.000000	138.442673	138.570663
77.000000	138.570663	138.789337
79.000000	138.789337	138.895996
61.000000	138.895996	139.333328
58.000000	139.333328	139.552002
56.000000	139.552002	139.770660
58.000000	139.770660	139.989334
65.000000	139.989334	140.202667
61.000000	140.202667	140.309326
65.000000	140.309326	140.421341
46.000000	140.421341	140.533340
46.000000	140.533340	140.639999
57.000000	140.639999	140.746674
140.858673
111.000000	140.858673	140.965332
46.000000	140.965332	141.072006
58.000000	141.072006	141.184006
141.290665
68.000000	141.290665	141.397339
46.000000	141.397339	141.509338
58.000000	141.509338	141.615997
141.727997
58.000000	141.727997	141.834671
46.000000	141.834671	141.946671
61.000000	141.946671	142.053329
65.000000	142.053329	142.160004
110.000000	142.160004	142.272003
58.000000	142.272003	142.378662
57.000000	142.378662	142.485336
142.597336
49.000000	142.597336	142.703995
46.000000	142.703995	142.810669
58.000000	142.810669	142.922668
143.029327
72.000000	143.029327	143.141327
143.248001
61.000000	143.248001	143.354660
143.466660
72.000000	143.466660	143.573334
73.000000	143.573334	143.685333
57.000000	143.685333	143.792007
73.000000	143.792007	143.904007
71.000000	143.904007	144.005341
70.000000	144.005341	144.117340
60.000000	144.117340	144.223999
72.000000	144.223999	144.335999
70.000000	144.335999	144.442673
72.000000	144.442673	144.549332
60.000000	144.549332	144.661331
72.000000	144.661331	144.773331
49.000000	144.773331	144.880005
68.000000	144.880005	144.986664
58.000000	144.986664	145.093338
145.205338
68.000000	145.205338	145.311996
70.000000	145.311996	145.423996
58.000000	145.423996	145.530670
70.000000	145.530670	145.642670
111.000000	145.642670	145.749329
66.000000	145.749329	145.856003
58.000000	145.856003	145.968002
146.074661
110.000000	146.074661	146.181335
54.000000	146.181335	146.293335
58.000000	146.293335	146.399994
146.511993
56.000000	146.511993	146.618668
146.725327
58.000000	146.725327	146.944000
65.000000	146.944000	147.162674
61.000000	147.162674	147.269333
65.000000	147.269333	147.381332
49.000000	147.381332	147.488007
58.000000	147.488007	147.594666
60.000000	147.594666	147.706665
147.813339
111.000000	147.813339	147.919998
148.031998
58.000000	148.031998	148.138672
148.250671
68.000000	148.250671	148.357330
58.000000	148.357330	148.464005
58.000000	148.464005	148.570663
148.682663
65.000000	148.682663	148.789337
148.901337
61.000000	148.901337	149.007996
65.000000	149.007996	149.119995
149.226669
70.000000	149.226669	149.333328
58.000000	149.333328	149.445328
149.552002
111.000000	149.552002	149.658661
46.000000	149.658661	149.770660
58.000000	149.770660	149.877335
149.989334
72.000000	149.989334	150.095993
150.202667
61.000000	150.202667	150.309326
150.421341
72.000000	150.421341	150.528000
73.000000	150.528000	150.639999
58.000000	150.639999	150.746674
73.000000	150.746674	150.858673
58.000000	150.858673	150.965332
58.000000	150.965332	151.072006
60.000000	151.072006	151.184006
71.000000	151.184006	151.290665
70.000000	151.290665	151.402664
72.000000	151.402664	151.509338
59.000000	151.509338	151.615997
72.000000	151.615997	151.727997
151.834671
68.000000	151.834671	151.941330
58.000000	151.941330	152.053329
152.160004
68.000000	152.160004	152.272003
70.000000	152.272003	152.378662
58.000000	152.378662	152.485336
70.000000	152.485336	152.597336
69.000000	152.597336	152.703995
72.000000	152.703995	152.810669
61.000000	152.810669	152.922668
153.029327
110.000000	153.029327	153.141327
153.248001
58.000000	153.248001	153.354660
153.466660
56.000000	153.466660	153.573334
153.685333
58.000000	153.685333	153.904007
61.000000	153.904007	154.117340
56.000000	154.117340	154.223999
73.000000	154.223999	154.335999
49.000000	154.335999	154.442673
53.000000	154.442673	154.549332
154.773331
154.880005
154.986664
58.000000	154.986664	155.093338
155.205338
75.000000	155.205338	155.311996
155.423996
58.000000	155.423996	155.530670
155.642670
73.000000	155.642670	155.749329
49.000000	155.749329	155.856003
56.000000	155.856003	155.962662
73.000000	155.962662	156.074661
49.000000	156.074661	156.181335
53.000000	156.181335	156.287994
156.511993
156.618668
156.725327
58.000000	156.725327	156.832001
77.000000	156.832001	156.944000
79.000000	156.944000	157.050659
157.162674
61.000000	157.162674	157.269333
157.381332
79.000000	157.381332	157.488007
80.000000	157.488007	157.594666
61.000000	157.594666	157.701340
80.000000	157.701340	157.813339
157.919998
77.000000	157.919998	158.031998
60.000000	158.031998	158.138672
158.250671
77.000000	158.250671	158.357330
79.000000	158.357330	158.469330
56.000000	158.469330	158.576004
79.000000	158.576004	158.688004
158.789337
75.000000	158.789337	158.895996
77.000000	158.895996	159.007996
159.119995
75.000000	159.119995	159.226669
77.000000	159.226669	159.338669
56.000000	159.338669	159.445328
77.000000	159.445328	159.557327
159.664001
73.000000	159.664001	159.770660
58.000000	159.770660	159.877335
77.000000	159.877335	159.989334
160.095993
160.207993
58.000000	160.207993	160.314667
160.426666
56.000000	160.426666	160.533340
160.634674
77.000000	160.634674	160.858673
73.000000	160.858673	161.072006
56.000000	161.072006	161.184006
73.000000	161.184006	161.290665
161.397339
53.000000	161.397339	161.509338
58.000000	161.509338	161.615997
161.727997
161.834671
161.941330
77.000000	161.941330	162.053329
162.165329
75.000000	162.165329	162.272003
162.373337
77.000000	162.373337	162.485336
162.591995
61.000000	162.591995	162.703995
49.000000	162.703995	162.810669
56.000000	162.810669	162.922668
73.000000	162.922668	163.034668
163.136002
65.000000	163.136002	163.242661
58.000000	163.242661	163.360001
163.461334
49.000000	163.461334	163.573334
163.679993
58.000000	163.679993	163.792007
163.904007
79.000000	163.904007	164.010666
49.000000	164.010666	164.112000
61.000000	164.112000	164.229340
49.000000	164.229340	164.335999
79.000000	164.335999	164.442673
80.000000	164.442673	164.549332
60.000000	164.549332	164.661331
80.000000	164.661331	164.773331
164.880005
77.000000	164.880005	164.981339
78.000000	164.981339	165.098663
165.199997
77.000000	165.199997	165.311996
79.000000	165.311996	165.418671
55.000000	165.418671	165.530670
79.000000	165.530670	165.642670
165.749329
75.000000	165.749329	165.856003
77.000000	165.856003	167.594666
58.000000	167.594666	174.117340
70.000000	174.117340	174.335999
68.000000	174.335999	174.549332
70.000000	174.549332	174.768005
65.000000	174.768005	174.986664
61.000000	174.986664	175.098663
65.000000	175.098663	175.311996
58.000000	175.311996	181.066666
77.000000	181.066666	181.509338
58.000000	181.509338	182.266663
65.000000	182.266663	183.839996
66.000000	183.839996	184.810669
54.000000	184.810669	184.949341
54.000000	184.949341	185.007996
53.000000	185.007996	185.776001
49.000000	185.776001	185.861328
61.000000	185.861328	185.946671
54.000000	185.946671	186.005341
61.000000	186.005341	186.090668
61.000000	186.090668	186.175995
61.000000	186.175995	186.266663
61.000000	186.266663	186.325333
61.000000	186.325333	186.944000
52.000000	186.944000	187.002670
61.000000	187.002670	187.056000
65.000000	187.056000	187.114670
187.205338
64.000000	187.205338	187.258667
61.000000	187.258667	187.290665
61.000000	187.290665	187.376007
49.000000	187.376007	187.434662
54.000000	187.434662	187.493332
47.000000	187.493332	187.994659
61.000000	187.994659	188.026672
77.000000	188.026672	188.112000
65.000000	188.112000	188.170670
61.000000	188.170670	188.245331
75.000000	188.245331	188.373337
61.000000	188.373337	188.464005
77.000000	188.464005	188.602661
73.000000	188.602661	188.661331
73.000000	188.661331	188.901337
68.000000	188.901337	189.007996
73.000000	189.007996	189.194672
65.000000	189.194672	189.226669
65.000000	189.226669	189.338669
49.000000	189.338669	189.391998
49.000000	189.391998	189.450668
49.000000	189.450668	189.509338
54.000000	189.509338	189.567993
65.000000	189.567993	189.626663
49.000000	189.626663	189.685333
49.000000	189.685333	190.304001
61.000000	190.304001	190.362671
65.000000	190.362671	190.416000
190.474670
46.000000	190.474670	190.533340
61.000000	190.533340	190.591995
49.000000	190.591995	190.677338
61.000000	190.677338	190.735992
61.000000	190.735992	190.794662
54.000000	190.794662	190.853333
50.000000	190.853333	191.472000
61.000000	191.472000	191.530670
61.000000	191.530670	191.615997
65.000000	191.615997	192.021332
61.000000	192.021332	195.205338
68.000000	195.205338	195.423996
58.000000	195.423996	195.856003
61.000000	195.856003	195.968002
65.000000	195.968002	196.186661
58.000000	196.186661	196.293335
62.000000	196.293335	196.725327
70.000000	196.725327	196.944000
68.000000	196.944000	197.157333
70.000000	197.157333	197.381332
65.000000	197.381332	197.594666
61.000000	197.594666	197.706665
65.000000	197.706665	197.818665
49.000000	197.818665	197.925339
58.000000	197.925339	198.026672
61.000000	198.026672	198.464005
70.000000	198.464005	198.677338
72.000000	198.677338	198.895996
61.000000	198.895996	199.114670
72.000000	199.114670	199.221329
73.000000	199.221329	199.440002
73.000000	199.440002	199.658661
70.000000	199.658661	199.765335
60.000000	199.765335	199.983994
70.000000	199.983994	200.095993
72.000000	200.095993	200.309326
72.000000	200.309326	200.528000
68.000000	200.528000	200.634674
58.000000	200.634674	200.853333
68.000000	200.853333	200.965332
70.000000	200.965332	201.178665
70.000000	201.178665	201.290665
57.000000	201.290665	201.402664
66.000000	201.402664	201.509338
58.000000	201.509338	201.941330
70.000000	201.941330	202.160004
56.000000	202.160004	202.378662
58.000000	202.378662	202.815994
61.000000	202.815994	202.922668
65.000000	202.922668	203.141327
58.000000	203.141327	203.248001
61.000000	203.248001	203.679993
70.000000	203.679993	203.898666
68.000000	203.898666	204.335999
65.000000	204.335999	204.549332
61.000000	204.549332	204.661331
65.000000	204.661331	204.778671
49.000000	204.778671	204.880005
58.000000	204.880005	204.992004
61.000000	204.992004	205.418671
70.000000	205.418671	205.637329
72.000000	205.637329	205.850662
61.000000	205.850662	206.069336
72.000000	206.069336	206.181335
73.000000	206.181335	206.394669
73.000000	206.394669	206.613327
70.000000	206.613327	206.730667
60.000000	206.730667	206.944000
70.000000	206.944000	207.050659
72.000000	207.050659	207.269333
72.000000	207.269333	207.488007
68.000000	207.488007	207.594666
58.000000	207.594666	207.813339
68.000000	207.813339	207.919998
70.000000	207.919998	208.133331
70.000000	208.133331	208.245331
57.000000	208.245331	208.352005
72.000000	208.352005	208.469330
61.000000	208.469330	208.789337
58.000000	208.789337	208.895996
77.000000	208.895996	209.114670
75.000000	209.114670	209.333328
58.000000	209.333328	209.546661
73.000000	209.546661	209.770660
68.000000	209.770660	209.877335
73.000000	209.877335	210.095993
65.000000	210.095993	210.207993
48.000000	210.207993	210.634674
77.000000	210.634674	210.853333
75.000000	210.853333	211.072006
77.000000	211.072006	211.290665
73.000000	211.290665	211.503998
68.000000	211.503998	211.615997
73.000000	211.615997	211.834671
65.000000	211.834671	211.946671
61.000000	211.946671	212.378662
77.000000	212.378662	212.591995
79.000000	212.591995	212.810669
61.000000	212.810669	213.029327
79.000000	213.029327	213.136002
80.000000	213.136002	213.354660
80.000000	213.354660	213.567993
77.000000	213.567993	213.685333
60.000000	213.685333	213.898666
77.000000	213.898666	214.005341
79.000000	214.005341	214.223999
79.000000	214.223999	214.442673
75.000000	214.442673	214.549332
77.000000	214.549332	214.768005
75.000000	214.768005	214.874664
77.000000	214.874664	214.986664
77.000000	214.986664	215.093338
77.000000	215.093338	215.205338
56.000000	215.205338	215.311996
73.000000	215.311996	215.423996
58.000000	215.423996	215.856003
77.000000	215.856003	216.069336
63.000000	216.069336	216.287994
77.000000	216.287994	216.725327
68.000000	216.725327	216.832001
73.000000	216.832001	217.050659
65.000000	217.050659	217.162674
48.000000	217.162674	217.594666
77.000000	217.594666	217.765335
57.000000	217.765335	217.807999
75.000000	217.807999	217.850662
75.000000	217.850662	218.245331
73.000000	218.245331	218.464005
56.000000	218.464005	218.570663
73.000000	218.570663	218.794662
65.000000	218.794662	218.901337
61.000000	218.901337	219.333328
77.000000	219.333328	219.546661
79.000000	219.546661	219.765335
61.000000	219.765335	219.983994
79.000000	219.983994	220.090668
80.000000	220.090668	220.309326
80.000000	220.309326	220.421341
57.000000	220.421341	220.528000
77.000000	220.528000	220.639999
60.000000	220.639999	220.853333
77.000000	220.853333	220.965332
79.000000	220.965332	221.178665
79.000000	221.178665	221.397339
75.000000	221.397339	221.509338
58.000000	221.509338	221.722672
75.000000	221.722672	221.834671
77.000000	221.834671	222.048004
77.000000	222.048004	222.160004
57.000000	222.160004	222.266663
79.000000	222.266663	222.378662
61.000000	222.378662	222.703995
55.000000	222.703995	222.992004
223.029327
56.000000	223.029327	223.248001
58.000000	223.248001	223.685333
61.000000	223.685333	223.792007
65.000000	223.792007	224.010666
58.000000	224.010666	224.117340
61.000000	224.117340	224.549332
70.000000	224.549332	224.768005
68.000000	224.768005	224.986664
70.000000	224.986664	225.205338
65.000000	225.205338	225.423996
61.000000	225.423996	225.530670
65.000000	225.530670	225.749329
58.000000	225.749329	225.856003
61.000000	225.856003	226.287994
70.000000	226.287994	226.506668
72.000000	226.506668	226.944000
72.000000	226.944000	227.050659
61.000000	227.050659	227.269333
61.000000	227.269333	227.488007
70.000000	227.488007	227.600006
60.000000	227.600006	227.813339
70.000000	227.813339	227.919998
72.000000	227.919998	228.138672
60.000000	228.138672	228.357330
68.000000	228.357330	228.464005
58.000000	228.464005	228.682663
68.000000	228.682663	228.789337
70.000000	228.789337	229.007996
70.000000	229.007996	229.114670
58.000000	229.114670	229.226669
66.000000	229.226669	229.338669
58.000000	229.338669	229.770660
70.000000	229.770660	229.983994
56.000000	229.983994	230.207993
58.000000	230.207993	230.965332
58.000000	230.965332	231.077332
60.000000	231.077332	231.509338
70.000000	231.509338	231.722672
68.000000	231.722672	232.160004
65.000000	232.160004	232.378662
61.000000	232.378662	232.485336
65.000000	232.485336	232.703995
58.000000	232.703995	232.815994
61.000000	232.815994	233.248001
58.000000	233.248001	233.466660
72.000000	233.466660	233.685333
61.000000	233.685333	233.898666
72.000000	233.898666	234.005341
73.000000	234.005341	234.223999
61.000000	234.223999	234.442673
70.000000	234.442673	234.554672
60.000000	234.554672	234.874664
72.000000	234.874664	235.093338
72.000000	235.093338	235.311996
56.000000	235.311996	235.418671
58.000000	235.418671	235.637329
68.000000	235.637329	235.749329
70.000000	235.749329	235.968002
70.000000	235.968002	236.074661
56.000000	236.074661	236.181335
72.000000	236.181335	236.293335
61.000000	236.293335	236.613327
77.000000	236.725327	236.944000
56.000000	236.944000	237.162674
58.000000	237.162674	238.031998
54.000000	238.031998	239.119995
73.000000	239.119995	239.333328
49.000000	239.333328	239.664001
65.000000	239.664001	239.770660
48.000000	239.770660	240.421341
79.000000	240.421341	240.639999
61.000000	240.639999	241.509338
60.000000	241.509338	243.029327
58.000000	243.029327	243.248001
65.000000	243.248001	243.898666
56.000000	243.898666	244.117340
58.000000	244.117340	244.986664
62.000000	244.986664	245.418671
77.000000	245.418671	246.074661
73.000000	246.074661	246.293335
56.000000	246.293335	246.623993
65.000000	246.623993	246.730667
60.000000	246.730667	247.162674
77.000000	247.162674	247.381332
79.000000	247.381332	247.594666
80.000000	247.594666	247.813339
67.000000	247.813339	248.138672
68.000000	248.138672	248.245331
59.000000	248.245331	248.357330
77.000000	248.357330	248.469330
60.000000	248.469330	249.013336
79.000000	249.013336	249.552002
75.000000	249.552002	249.877335
77.000000	249.877335	249.983994
58.000000	249.983994	250.095993
79.000000	250.095993	250.207993
61.000000	250.207993	250.528000
55.000000	250.528000	250.853333
68.000000	250.853333	251.072006
58.000000	251.072006	252.384003
70.000000	252.384003	252.597336
68.000000	252.597336	252.815994
70.000000	252.815994	253.034668
65.000000	253.034668	253.253326
61.000000	253.253326	253.365326
65.000000	253.365326	253.578659
58.000000	253.578659	253.792007
46.000000	253.792007	253.898666
58.000000	253.898666	254.016006
51.000000	254.016006	254.122665
70.000000	254.122665	254.335999
72.000000	254.335999	254.554672
73.000000	254.554672	254.773331
72.000000	254.773331	254.885330
73.000000	254.885330	255.098663
73.000000	255.098663	255.317337
70.000000	255.317337	255.423996
72.000000	255.423996	255.642670
70.000000	255.642670	255.754669
72.000000	255.754669	255.968002
72.000000	255.968002	256.186676
68.000000	256.186676	256.293335
70.000000	256.293335	256.511993
68.000000	256.511993	256.623993
70.000000	256.623993	256.837341
70.000000	256.837341	257.056000
66.000000	257.056000	257.167999
70.000000	257.167999	257.600006
70.000000	257.600006	257.818665
68.000000	257.818665	258.032013
70.000000	258.032013	258.250671
65.000000	258.250671	258.469330
61.000000	258.469330	258.581329
65.000000	258.581329	258.794678
58.000000	258.794678	259.007996
58.000000	259.007996	259.114655
46.000000	259.114655	259.226654
58.000000	259.226654	259.338654
70.000000	259.338654	259.557343
68.000000	259.557343	259.776001
70.000000	259.776001	259.989319
65.000000	259.989319	260.208008
61.000000	260.208008	260.320007
65.000000	260.320007	260.533325
58.000000	260.533325	260.752014
46.000000	260.752014	260.858673
58.000000	260.858673	260.965332
57.000000	260.965332	261.077332
70.000000	261.077332	261.295990
72.000000	261.295990	261.514679
73.000000	261.514679	261.727997
72.000000	261.727997	262.053345
73.000000	262.053345	262.272003
70.000000	262.272003	262.384003
72.000000	262.384003	262.597321
70.000000	262.597321	262.709320
72.000000	262.709320	262.922668
60.000000	262.922668	263.141327
68.000000	263.141327	263.466675
68.000000	263.466675	263.791992
70.000000	263.791992	264.010681
72.000000	264.010681	264.554657
77.000000	264.554657	264.773346
75.000000	264.773346	264.986664
77.000000	264.986664	265.205322
61.000000	265.205322	265.424011
68.000000	265.424011	265.749329
65.000000	265.749329	265.967987
266.181335
61.000000	266.181335	266.293335
77.000000	266.293335	266.511993
75.000000	266.511993	266.730652
77.000000	266.730652	266.944000
73.000000	266.944000	267.162659
68.000000	267.162659	267.488007
65.000000	267.488007	267.706665
49.000000	267.706665	267.813324
61.000000	267.813324	267.920013
268.032013
77.000000	268.032013	268.250671
67.000000	268.250671	268.469330
80.000000	268.469330	268.687988
67.000000	268.687988	269.013336
80.000000	269.013336	269.226654
65.000000	269.226654	269.557343
65.000000	269.557343	269.882660
67.000000	269.882660	270.096008
75.000000	270.096008	270.426666
63.000000	270.426666	270.752014
65.000000	270.752014	270.965332
61.000000	270.965332	271.509338
77.000000	271.509338	271.727997
63.000000	271.727997	271.946655
65.000000	271.946655	272.160004
61.000000	272.160004	272.384003
68.000000	272.384003	272.709320
65.000000	272.709320	272.922668
273.141327
273.253326
77.000000	273.253326	273.471985
75.000000	273.471985	273.685333
65.000000	273.685333	273.903992
73.000000	273.903992	274.117340
68.000000	274.117340	274.442657
65.000000	274.442657	274.656006
65.000000	274.656006	274.768005
61.000000	274.768005	274.880005
65.000000	274.880005	274.992004
77.000000	274.992004	275.210663
60.000000	275.210663	275.424011
80.000000	275.424011	275.642670
79.000000	275.642670	275.967987
80.000000	275.967987	276.181335
77.000000	276.181335	276.506653
65.000000	276.506653	276.837341
67.000000	276.837341	277.050659
75.000000	277.050659	277.381348
75.000000	277.381348	277.488007
77.000000	277.488007	277.701324
77.000000	277.701324	277.925323
79.000000	277.925323	278.463989
70.000000	278.463989	278.682678
68.000000	278.682678	278.901337
58.000000	278.901337	279.119995
65.000000	279.119995	279.338654
61.000000	279.338654	279.445343
65.000000	279.445343	279.664001
46.000000	279.664001	279.877319
46.000000	279.877319	279.989319
46.000000	279.989319	280.096008
58.000000	280.096008	280.208008
70.000000	280.208008	280.421326
68.000000	280.421326	280.640015
70.000000	280.640015	280.858673
65.000000	280.858673	281.077332
61.000000	281.077332	281.183990
65.000000	281.183990	281.402679
58.000000	281.402679	281.615997
46.000000	281.615997	281.727997
58.000000	281.727997	281.834656
58.000000	281.834656	281.946655
70.000000	281.946655	282.160004
72.000000	282.160004	282.378662
73.000000	282.378662	282.592010
72.000000	282.592010	282.704010
73.000000	282.704010	282.922668
61.000000	282.922668	283.141327
70.000000	283.141327	283.247986
72.000000	283.247986	283.466675
70.000000	283.466675	283.573334
72.000000	283.573334	283.791992
72.000000	283.791992	284.010681
68.000000	284.010681	284.117340
70.000000	284.117340	284.335999
68.000000	284.335999	284.442657
70.000000	284.442657	284.661346
70.000000	284.661346	284.880005
66.000000	284.880005	284.986664
70.000000	284.986664	285.312012
54.000000	285.312012	285.424011
70.000000	285.424011	285.642670
68.000000	285.642670	285.855988
70.000000	285.855988	286.074677
65.000000	286.074677	286.293335
61.000000	286.293335	286.399994
65.000000	286.399994	286.618652
58.000000	286.618652	286.837341
53.000000	286.837341	286.944000
54.000000	286.944000	287.050659
58.000000	287.050659	287.162659
70.000000	287.162659	287.381348
68.000000	287.381348	287.594666
70.000000	287.594666	287.813324
65.000000	287.813324	288.032013
61.000000	288.032013	288.138672
65.000000	288.138672	288.357330
58.000000	288.357330	288.570679
46.000000	288.570679	288.682678
58.000000	288.682678	288.789337
46.000000	288.789337	288.901337
58.000000	288.901337	289.119995
72.000000	289.119995	289.333344
73.000000	289.333344	289.552002
72.000000	289.552002	289.658661
73.000000	289.658661	289.877319
61.000000	289.877319	290.096008
58.000000	290.096008	290.202667
72.000000	290.202667	290.421326
70.000000	290.421326	290.528015
72.000000	290.528015	290.746674
72.000000	290.746674	290.965332
68.000000	290.965332	291.071991
70.000000	291.071991	291.290680
68.000000	291.290680	291.402679
70.000000	291.402679	291.615997
70.000000	291.615997	291.834656
72.000000	291.834656	291.941345
73.000000	291.941345	292.378662
77.000000	292.378662	292.597321
75.000000	292.597321	292.816010
77.000000	292.816010	293.029327
61.000000	293.029327	293.247986
68.000000	293.247986	293.354675
73.000000	293.354675	293.573334
53.000000	293.573334	293.791992
54.000000	293.791992	294.005341
49.000000	294.005341	294.117340
77.000000	294.117340	294.335999
75.000000	294.335999	294.554657
77.000000	294.554657	294.768005
73.000000	294.768005	294.986664
68.000000	294.986664	295.093323
73.000000	295.093323	295.312012
65.000000	295.312012	295.530670
49.000000	295.530670	295.637329
49.000000	295.637329	295.749329
49.000000	295.749329	295.855988
77.000000	295.855988	296.074677
79.000000	296.074677	296.293335
80.000000	296.293335	296.506653
67.000000	296.506653	296.832001
68.000000	296.832001	297.050659
77.000000	297.050659	297.157318
79.000000	297.157318	297.376007
77.000000	297.376007	297.482666
79.000000	297.482666	297.701324
79.000000	297.701324	297.925323
75.000000	297.925323	298.026672
77.000000	298.026672	298.245331
75.000000	298.245331	298.357330
77.000000	298.357330	298.570679
77.000000	298.570679	298.789337
73.000000	298.789337	298.895996
77.000000	298.895996	299.221344
49.000000	299.221344	299.333344
77.000000	299.333344	299.552002
75.000000	299.552002	299.770660
77.000000	299.770660	299.989319
73.000000	299.989319	300.202667
68.000000	300.202667	300.314667
61.000000	300.314667	300.533325
65.000000	300.533325	300.746674
49.000000	300.746674	300.853333
49.000000	300.853333	300.965332
49.000000	300.965332	301.071991
77.000000	301.071991	301.290680
75.000000	301.290680	301.509338
77.000000	301.509338	301.722656
73.000000	301.722656	301.941345
68.000000	301.941345	302.053345
73.000000	302.053345	302.272003
65.000000	302.272003	302.592010
49.000000	302.592010	302.810669
77.000000	302.810669	303.029327
79.000000	303.029327	303.247986
80.000000	303.247986	303.466675
67.000000	303.466675	303.791992
80.000000	303.791992	304.005341
77.000000	304.005341	304.330658
77.000000	304.330658	304.442657
79.000000	304.442657	304.661346
79.000000	304.661346	304.880005
75.000000	304.880005	304.986664
77.000000	304.986664	305.424011
49.000000	305.424011	305.743988
79.000000	305.743988	305.855988
61.000000	305.855988	306.506653
56.000000	306.506653	306.725342
58.000000	306.725342	307.162659
61.000000	307.162659	307.488007
46.000000	307.488007	307.594666
59.000000	307.594666	307.706665
307.813324
307.920013
46.000000	307.920013	308.026672
58.000000	308.026672	308.250671
68.000000	308.250671	308.463989
58.000000	308.463989	308.682678
65.000000	308.682678	308.901337
61.000000	308.901337	309.007996
65.000000	309.007996	309.226654
58.000000	309.226654	309.333344
58.000000	309.333344	309.445343
46.000000	309.445343	309.552002
46.000000	309.552002	309.658661
46.000000	309.658661	309.770660
58.000000	309.770660	309.984009
72.000000	309.984009	310.202667
61.000000	310.202667	310.421326
72.000000	310.421326	310.528015
73.000000	310.528015	310.746674
73.000000	310.746674	310.965332
58.000000	310.965332	311.071991
60.000000	311.071991	311.290680
70.000000	311.290680	311.397339
72.000000	311.397339	311.503998
59.000000	311.503998	311.615997
72.000000	311.615997	311.834656
68.000000	311.834656	311.946655
58.000000	311.946655	312.160004
56.000000	312.160004	312.272003
70.000000	312.272003	312.378662
58.000000	312.378662	312.485321
70.000000	312.485321	312.704010
66.000000	312.704010	312.816010
58.000000	312.816010	313.135986
54.000000	313.135986	313.247986
58.000000	313.247986	313.466675
56.000000	313.466675	313.685333
58.000000	313.685333	313.903992
54.000000	313.903992	314.117340
61.000000	314.117340	314.229340
65.000000	314.229340	314.442657
58.000000	314.442657	314.549347
58.000000	314.549347	314.661346
314.768005
46.000000	314.768005	314.874664
58.000000	314.874664	314.986664
58.000000	314.986664	315.205322
68.000000	315.205322	315.424011
58.000000	315.424011	315.642670
58.000000	315.642670	315.855988
61.000000	315.855988	315.967987
65.000000	315.967987	316.181335
58.000000	316.181335	316.293335
58.000000	316.293335	316.399994
46.000000	316.399994	316.506653
49.000000	316.506653	316.618652
46.000000	316.618652	316.725342
58.000000	316.725342	316.944000
72.000000	316.944000	317.157318
73.000000	317.157318	317.381348
72.000000	317.381348	317.488007
61.000000	317.488007	317.706665
73.000000	317.706665	317.920013
58.000000	317.920013	318.032013
60.000000	318.032013	318.245331
58.000000	318.245331	318.357330
72.000000	318.357330	318.463989
59.000000	318.463989	318.570679
72.000000	318.570679	318.794678
68.000000	318.794678	318.901337
58.000000	318.901337	319.119995
68.000000	319.119995	319.226654
70.000000	319.226654	319.333344
59.000000	319.333344	319.445343
70.000000	319.445343	319.664001
72.000000	319.664001	319.770660
61.000000	319.770660	320.090668
54.000000	320.090668	320.202667
58.000000	320.202667	320.421326
63.000000	320.421326	320.634674
77.000000	320.634674	321.071991
56.000000	321.071991	321.178680
73.000000	321.178680	321.402679
53.000000	321.402679	321.503998
61.000000	321.503998	321.615997
321.727997
321.834656
49.000000	321.834656	321.941345
58.000000	321.941345	322.160004
75.000000	322.160004	322.378662
58.000000	322.378662	322.597321
73.000000	322.597321	322.816010
56.000000	322.816010	322.922668
73.000000	322.922668	323.141327
65.000000	323.141327	323.247986
47.000000	323.247986	323.359985
323.466675
323.573334
323.679993
77.000000	323.679993	323.898682
79.000000	323.898682	324.117340
61.000000	324.117340	324.335999
79.000000	324.335999	324.549347
56.000000	324.549347	324.661346
68.000000	324.661346	324.880005
53.000000	324.880005	324.986664
60.000000	324.986664	325.205322
77.000000	325.205322	325.424011
53.000000	325.424011	325.530670
79.000000	325.530670	325.749329
75.000000	325.749329	325.855988
77.000000	325.855988	326.074677
75.000000	326.074677	326.181335
77.000000	326.181335	326.293335
58.000000	326.293335	326.399994
77.000000	326.399994	326.618652
49.000000	326.618652	326.725342
58.000000	326.725342	327.050659
49.000000	327.050659	327.157318
58.000000	327.157318	327.376007
75.000000	327.376007	327.594666
65.000000	327.594666	327.813324
73.000000	327.813324	328.032013
56.000000	328.032013	328.138672
61.000000	328.138672	328.357330
53.000000	328.357330	328.463989
55.000000	328.463989	328.575989
328.677338
328.789337
61.000000	328.789337	328.895996
77.000000	328.895996	329.119995
75.000000	329.119995	329.333344
58.000000	329.333344	329.552002
73.000000	329.552002	329.765320
56.000000	329.765320	329.877319
73.000000	329.877319	330.096008
65.000000	330.096008	330.202667
330.314667
330.421326
49.000000	330.421326	330.528015
330.640015
58.000000	330.640015	330.853333
79.000000	330.853333	331.071991
80.000000	331.071991	331.290680
79.000000	331.290680	331.509338
61.000000	331.509338	331.615997
80.000000	331.615997	331.834656
53.000000	331.834656	331.941345
67.000000	331.941345	332.160004
77.000000	332.160004	332.266663
79.000000	332.266663	332.378662
55.000000	332.378662	332.485321
79.000000	332.485321	332.704010
75.000000	332.704010	332.810669
77.000000	332.810669	333.029327
75.000000	333.029327	333.135986
77.000000	333.135986	333.247986
54.000000	333.247986	333.354675
77.000000	333.354675	333.573334
79.000000	333.573334	333.679993
61.000000	333.679993	334.005341
49.000000	334.005341	334.117340
58.000000	334.117340	334.335999
56.000000	334.335999	334.554657
58.000000	334.554657	334.773346
65.000000	334.773346	334.986664
61.000000	334.986664	335.098663
65.000000	335.098663	335.205322
46.000000	335.205322	335.312012
58.000000	335.312012	335.424011
58.000000	335.424011	335.530670
335.642670
49.000000	335.642670	335.749329
58.000000	335.749329	335.855988
58.000000	335.855988	336.074677
68.000000	336.074677	336.287994
69.000000	336.287994	336.399994
58.000000	336.399994	336.511993
58.000000	336.511993	336.725342
61.000000	336.725342	336.837341
65.000000	336.837341	336.944000
46.000000	336.944000	337.050659
70.000000	337.050659	337.157318
58.000000	337.157318	337.269348
337.381348
50.000000	337.381348	337.488007
46.000000	337.488007	337.594666
58.000000	337.594666	337.818665
72.000000	337.818665	338.026672
73.000000	338.026672	338.250671
72.000000	338.250671	338.357330
73.000000	338.357330	338.469330
58.000000	338.469330	338.575989
73.000000	338.575989	338.682678
46.000000	338.682678	338.789337
58.000000	338.789337	338.901337
60.000000	338.901337	339.119995
70.000000	339.119995	339.226654
72.000000	339.226654	339.333344
58.000000	339.333344	339.445343
72.000000	339.445343	339.552002
49.000000	339.552002	339.664001
68.000000	339.664001	339.770660
58.000000	339.770660	339.989319
68.000000	339.989319	340.096008
70.000000	340.096008	340.202667
46.000000	340.202667	340.314667
70.000000	340.314667	340.421326
46.000000	340.421326	340.533325
66.000000	340.533325	340.640015
58.000000	340.640015	340.858673
58.000000	340.858673	340.965332
47.000000	340.965332	341.077332
58.000000	341.077332	341.295990
56.000000	341.295990	341.509338
58.000000	341.509338	341.727997
58.000000	341.727997	341.834656
46.000000	341.834656	341.946655
61.000000	341.946655	342.053345
65.000000	342.053345	342.160004
51.000000	342.160004	342.272003
58.000000	342.272003	342.378662
60.000000	342.378662	342.485321
342.597321
49.000000	342.597321	342.704010
58.000000	342.704010	342.816010
58.000000	342.816010	343.034668
68.000000	343.034668	343.247986
58.000000	343.247986	343.466675
65.000000	343.466675	343.679993
62.000000	343.679993	343.791992
65.000000	343.791992	343.903992
49.000000	343.903992	344.010681
58.000000	344.010681	344.117340
58.000000	344.117340	344.223999
344.335999
54.000000	344.335999	344.442657
58.000000	344.442657	344.549347
58.000000	344.549347	344.661346
344.773346
72.000000	344.773346	344.986664
61.000000	344.986664	345.205322
72.000000	345.205322	345.312012
73.000000	345.312012	345.418671
58.000000	345.418671	345.530670
73.000000	345.530670	345.642670
46.000000	345.642670	345.749329
70.000000	345.749329	345.855988
60.000000	345.855988	346.074677
70.000000	346.074677	346.186676
72.000000	346.186676	346.293335
59.000000	346.293335	346.399994
72.000000	346.399994	346.511993
49.000000	346.511993	346.618652
68.000000	346.618652	346.725342
58.000000	346.725342	346.944000
68.000000	346.944000	347.056000
58.000000	347.056000	347.162659
58.000000	347.162659	347.269348
70.000000	347.269348	347.381348
54.000000	347.381348	347.488007
72.000000	347.488007	347.594666
61.000000	347.594666	347.813324
111.000000	347.813324	347.920013
54.000000	347.920013	348.032013
58.000000	348.032013	348.250671
56.000000	348.250671	348.469330
77.000000	348.469330	348.687988
61.000000	348.687988	348.895996
56.000000	348.895996	349.013336
73.000000	349.013336	349.119995
49.000000	349.119995	349.226654
65.000000	349.226654	349.333344
58.000000	349.333344	349.445343
349.557343
49.000000	349.557343	349.658661
49.000000	349.658661	349.765320
77.000000	349.765320	349.989319
63.000000	349.989319	350.208008
58.000000	350.208008	350.426666
61.000000	350.426666	350.640015
56.000000	350.640015	350.752014
73.000000	350.752014	350.858673
49.000000	350.858673	350.965332
65.000000	350.965332	351.071991
62.000000	351.071991	351.183990
351.290680
49.000000	351.290680	351.402679
351.509338
58.000000	351.509338	351.727997
79.000000	351.727997	351.946655
80.000000	351.946655	352.165344
79.000000	352.165344	352.272003
80.000000	352.272003	352.378662
56.000000	352.378662	352.485321
80.000000	352.485321	352.597321
55.000000	352.597321	352.704010
77.000000	352.704010	352.810669
60.000000	352.810669	353.034668
77.000000	353.034668	353.141327
79.000000	353.141327	353.247986
55.000000	353.247986	353.359985
79.000000	353.359985	353.466675
353.578674
75.000000	353.578674	353.679993
77.000000	353.679993	353.898682
75.000000	353.898682	354.117340
59.000000	354.117340	354.229340
77.000000	354.229340	354.335999
354.447998
49.000000	354.447998	354.549347
77.000000	354.549347	354.768005
49.000000	354.768005	354.880005
49.000000	354.880005	354.986664
58.000000	354.986664	355.205322
56.000000	355.205322	355.424011
58.000000	355.424011	355.642670
61.000000	355.642670	355.855988
56.000000	355.855988	356.074677
49.000000	356.074677	356.181335
65.000000	356.181335	356.287994
55.000000	356.287994	356.399994
356.511993
356.618652
61.000000	356.618652	356.725342
58.000000	356.725342	356.944000
75.000000	356.944000	357.157318
77.000000	357.157318	357.381348
73.000000	357.381348	357.600006
56.000000	357.600006	357.706665
73.000000	357.706665	357.813324
49.000000	357.813324	357.920013
65.000000	357.920013	358.032013
61.000000	358.032013	358.138672
358.250671
111.000000	358.250671	358.357330
358.469330
58.000000	358.469330	358.687988
55.000000	358.687988	358.901337
80.000000	358.901337	359.664001
77.000000	359.664001	359.898682
359.989319
77.000000	359.989319	360.223999
51.000000	360.223999	360.320007
79.000000	360.320007	360.533325
75.000000	360.533325	360.853333
75.000000	360.853333	360.965332
77.000000	360.965332	361.183990
77.000000	361.183990	361.290680
361.397339
79.000000	361.397339	361.509338
80.000000	361.509338	361.615997
49.000000	361.615997	361.722656
361.834656
362.378662
57.000000	362.378662	365.941345
366.282654
366.351990
366.384003
366.544006
366.613342
366.709320
367.045319
367.135986
367.343994
46.000000	367.343994	368.037323
368.250671
372.992004
